,d-34-001,d-34-002,d-34-003,d-34-004,d-34-005,d-34-006,d-34-007,d-34-008,d-34-009,d-34-010,d-34-011,d-34-012,d-34-013,d-34-014,d-34-015,d-34-016,d-34-017,d-34-018,d-34-019,d-34-020,d-34-021,d-34-022,d-34-023,d-34-024,d-38-001,d-38-002,d-38-003,d-38-004,d-38-005,d-38-006,d-38-007,d-38-008,d-38-009,d-38-010,d-38-011,d-38-012,d-38-013,d-38-014,d-38-015,d-38-016,d-38-017,d-38-018,d-38-019,d-38-020,d-38-021,d-38-022,d-38-023,d-38-024,d-38-025,d-38-026,d-38-027,d-38-028,d-38-029,d-38-030,d-38-031,d-38-032,d-38-033,d-38-034,d-38-035,d-38-036,d-38-037,d-38-038,d-38-039,d-38-040,d-38-041,d-38-042,d-38-043,d-38-044,d-38-045,d-38-046,d-38-047,d-38-048,d-38-049,d-38-050,d-38-051,d-38-052,d-38-053,d-38-054,d-38-055,d-38-056,d-38-057,d-38-058,d-38-059,d-38-060,r-34-001,r-34-002,r-34-003,r-34-004,r-34-005,r-34-006,r-34-007,r-34-008,r-34-009,r-34-010,r-34-011,r-34-012,r-34-013,r-34-014,r-38-001,r-38-002,r-38-003,r-38-004,r-38-005,r-38-006,r-38-007,r-38-008,r-38-009,r-38-010,r-38-011,r-38-012,r-38-013,r-38-014,r-38-015,r-38-016,r-38-017,r-38-018,r-38-019,r-38-020,r-38-021,r-38-022,r-38-023,r-38-024,r-38-025,r-38-026,r-38-027,r-38-028,r-38-029,r-38-030,r-38-031,r-38-032,r-38-033,r-38-034,r-38-035,r-38-036,r-38-037,r-38-038,r-38-039,r-38-040,r-38-041,r-38-042,r-38-043,r-38-044,r-38-045,r-38-046,r-38-047,r-38-048,r-38-049,r-38-050,r-38-051,r-38-052,r-38-053,r-38-054,r-38-055,r-38-056,r-38-057,r-38-058,r-38-059,r-38-060,r-38-061,r-38-062,r-38-063,r-38-064,r-38-065,r-38-066,r-38-067,r-38-068,r-38-069,r-38-070,r-38-071,h-34-001,h-34-002,h-38-001
d-34-001,0,17.81694644,23.57525519,31.92447861,39.35962917,47.74190001,32.15089788,41.53338483,48.50106409,38.93220859,45.29307917,54.62563193,65.65312257,52.2067636,50.33276973,59.52939389,72.07272882,82.11723987,78.80159389,87.0597465,98.9562438,107.7776074,118.1018132,127.0333056,600.4812239,604.1550172,596.7095327,588.4669156,579.8262427,574.1012102,558.3806887,556.838437,548.8778674,585.2354666,549.7267249,555.4090519,551.8352317,543.346342,536.7615681,528.2057264,521.7248903,524.6989852,517.8093713,510.1106129,505.9852253,495.6106002,485.69438,480.6460146,497.386893,488.4823535,482.9889699,473.2748092,467.812138,458.1255716,449.6016116,506.6654815,497.200134,482.8723859,476.0724691,467.0531921,474.0445941,466.9367022,460.2021769,466.5708283,474.8342168,483.2902937,492.8881003,501.0242585,459.1182411,466.8805657,480.9324907,490.0743396,470.3907488,479.1836385,483.7117574,516.352731,508.747353,507.1056378,533.9685673,539.7431143,549.9946338,558.7774396,564.5293262,573.3059944,127.6033643,126.5768679,106.5489183,87.24740588,81.87635332,69.77357306,66.7171201,55.10069844,45.10362366,35.62046203,28.36218105,21.2112113,30.16465193,29.33210903,621.6923844,616.9568854,610.627731,592.3238669,590.024132,574.3913787,555.7660291,543.4177654,538.3078222,543.6394748,549.6611342,557.4004704,550.8131176,536.5366105,530.2493739,516.4642653,503.2554483,496.6955748,472.0105662,466.1979814,449.1538382,580.9152728,587.2712512,526.280151,521.1348059,519.8847768,428.4299409,415.4583928,503.1563648,481.7188236,478.5005284,487.6496146,471.4431422,479.1636374,455.8420905,478.672682,486.5357675,495.2436391,452.1121472,446.723296,439.9911558,423.7073228,415.0685972,441.4653785,446.6991448,462.8451923,467.0529777,490.8919676,463.014536,478.6453944,464.2232479,451.1088892,465.6238675,470.822146,489.0397617,495.4375923,508.1138927,527.9972371,532.6018666,543.0033348,562.4127379,568.4620332,579.8171035,596.6198249,603.9700744,508.1337283,537.790853,549.4495675,545.0857077,558.3327031,578.5095411,27.327874,88.93024374,402.735606
d-34-002,17.81694644,0,16.02758603,38.86964237,46.30479292,54.68706376,39.09606163,48.47854859,55.44622784,45.87737234,52.23824292,61.57079568,72.59828632,59.15192735,57.27793348,66.47455764,79.01789257,89.06240363,85.74675764,94.00491025,105.9014076,114.7227711,125.046977,133.9784694,608.0596111,611.7334043,604.2879198,596.0453027,587.4046298,581.6795974,565.9590758,564.4168241,556.4562545,592.8138537,557.305112,562.987439,559.4136188,550.9247291,544.3399552,535.7841136,529.3032774,532.2773723,525.3877584,517.689,513.5636124,503.1889874,493.2727671,488.2244017,504.9652801,496.0607406,490.567357,480.8531963,475.3905251,465.7039587,457.1799987,514.2438686,504.7785211,490.450773,483.6508562,474.6315793,481.6229812,474.5150893,467.7805641,474.1492154,482.4126039,490.8686808,500.4664874,508.6026456,466.6966282,474.4589529,488.5108778,497.6527267,477.9691359,486.7620256,491.2901445,523.9311181,516.3257401,514.6840249,541.5469544,547.3215014,557.5730209,566.3558267,572.1077133,580.8843815,134.548528,133.5220316,113.4940821,94.19256964,88.82151708,76.71873681,73.66228385,62.04586219,52.68201078,43.19884914,35.94056817,28.26013148,37.74303905,36.91049615,629.2707715,624.5352725,618.2061181,599.9022541,597.6025192,581.9697658,563.3444162,550.9961525,545.8862093,551.2178619,557.2395213,564.9788575,558.3915047,544.1149976,537.827761,524.0426524,510.8338354,504.2739619,479.5889533,473.7763685,456.7322254,588.4936599,594.8496383,533.8585381,528.713193,527.4631639,436.008328,423.03678,510.734752,489.2972107,486.0789155,495.2280017,479.0215293,486.7420245,463.4204776,486.2510691,494.1141546,502.8220262,459.6905343,454.3016831,447.5695429,431.2857099,422.6469843,449.0437656,454.2775319,470.4235794,474.6313649,498.4703547,470.5929231,486.2237815,471.801635,458.6872763,473.2022546,478.4005331,496.6181488,503.0159795,515.6922799,535.5756243,540.1802537,550.5817219,569.991125,576.0404203,587.3954906,604.198212,611.5484616,515.7121155,545.3692401,557.0279546,552.6640948,565.9110902,586.0879282,34.90626111,95.87540749,410.3139931
d-34-003,23.57525519,16.02758603,0,44.62795113,52.06310168,60.44537252,44.85437039,54.23685734,61.2045366,51.6356811,57.99655168,67.32910444,78.35659508,64.91023611,63.03624224,72.2328664,84.77620133,94.82071238,91.5050664,99.76321901,111.6597163,120.4810799,130.8052857,139.7367781,613.8179198,617.491713,610.0462286,601.8036115,593.1629386,587.4379061,571.7173846,570.1751329,562.2145633,598.5721624,563.0634207,568.7457478,565.1719276,556.6830379,550.098264,541.5424223,535.0615862,538.0356811,531.1460672,523.4473088,519.3219212,508.9472961,499.0310759,493.9827105,510.7235888,501.8190494,496.3256658,486.6115051,481.1488339,471.4622675,462.9383075,520.0021774,510.5368299,496.2090817,489.409165,480.389888,487.3812899,480.2733981,473.5388728,479.9075241,488.1709127,496.6269896,506.2247962,514.3609543,472.4549369,480.2172616,494.2691866,503.4110355,483.7274446,492.5203344,497.0484533,529.6894269,522.0840489,520.4423337,547.3052632,553.0798101,563.3313296,572.1141354,577.8660221,586.6426903,140.3068368,139.2803404,119.2523908,99.95087839,94.57982583,82.47704557,79.42059261,67.80417095,58.44031953,48.9571579,41.69887693,34.01844024,43.50134781,42.6688049,635.0290802,630.2935813,623.9644269,605.6605628,603.3608279,587.7280745,569.102725,556.7544613,551.6445181,556.9761706,562.99783,570.7371662,564.1498135,549.8733063,543.5860697,529.8009611,516.5921442,510.0322707,485.3472621,479.5346773,462.4905341,594.2519687,600.607947,539.6168469,534.4715017,533.2214727,441.7666368,428.7950887,516.4930607,495.0555195,491.8372243,500.9863105,484.779838,492.5003333,469.1787864,492.0093778,499.8724634,508.580335,465.448843,460.0599919,453.3278517,437.0440187,428.405293,454.8020744,460.0358407,476.1818881,480.3896736,504.2286634,476.3512318,491.9820903,477.5599437,464.4455851,478.9605634,484.1588419,502.3764576,508.7742882,521.4505886,541.333933,545.9385625,556.3400307,575.7494337,581.7987291,593.1537994,609.9565208,617.3067703,521.4704242,551.1275488,562.7862633,558.4224036,571.6693989,591.846237,40.66456987,101.6337162,416.0723019
d-34-004,31.92447861,38.86964237,44.62795113,0,18.14238832,26.52465916,13.12276288,20.31865508,27.28382324,28.85430932,35.53519143,44.86774419,55.89523483,38.82588294,38.07804856,47.27467272,59.81800765,69.8625187,64.36563147,72.62378408,84.52028138,93.34164497,103.6658508,112.5973432,615.0295941,618.7033873,611.2579029,603.0152857,594.3746128,588.6495804,572.9290588,571.3868072,563.4262375,599.7838367,564.275095,569.957422,566.3836018,557.8947121,551.3099382,542.7540966,536.2732604,539.2473553,532.3577414,524.658983,520.5335954,510.1589704,500.2427501,495.1943847,511.9352631,503.0307236,497.5373401,487.8231793,482.3605082,472.6739417,464.1499817,521.2138517,511.7485041,497.420756,490.6208392,481.6015623,488.5929642,481.4850723,474.7505471,481.1191984,489.3825869,497.8386638,507.4364704,515.5726286,473.6666112,481.4289359,495.4808608,504.6227097,484.9391189,493.7320086,498.2601275,530.9011012,523.2957231,521.654008,548.5169375,554.2914844,564.5430039,573.3258097,579.0776963,587.8543645,113.1674018,112.1409055,92.11295591,72.81144346,67.4403909,55.33761064,52.28115768,40.66473602,59.65199379,43.79243154,36.53415057,23.926475,38.33662145,43.88047916,636.2407545,631.5052556,625.1761012,606.8722371,604.5725022,588.9397488,570.3143992,557.9661355,552.8561923,558.1878449,564.2095043,571.9488405,565.3614878,551.0849806,544.797744,531.0126354,517.8038184,511.2439449,486.5589363,480.7463515,463.7022084,595.4636429,601.8196213,540.8285212,535.683176,534.4331469,442.978311,430.006763,517.704735,496.2671937,493.0488985,502.1979848,485.9915123,493.7120075,470.3904606,493.2210521,501.0841376,509.7920093,466.6605173,461.2716661,454.539526,438.255693,429.6169673,456.0137486,461.2475149,477.3935624,481.6013479,505.4403377,477.5629061,493.1937645,478.771618,465.6572593,480.1722376,485.3705161,503.5881318,509.9859625,522.6622629,542.5456073,547.1502367,557.551705,576.961108,583.0104034,594.3654736,611.1681951,618.5184446,522.6820985,552.3392231,563.9979376,559.6340779,572.8810732,593.0579112,41.87624412,74.49428132,417.2839761
d-34-005,39.35962917,46.30479292,52.06310168,18.14238832,0,17.74508038,18.3893396,13.92530242,18.50424446,36.28945987,42.97034199,52.30289475,63.33038539,46.24018925,45.49235486,54.68897903,67.23231396,77.27682501,71.77993777,80.03809039,91.93458769,100.7559513,111.0801571,120.0116495,622.4647446,626.1385379,618.6930534,610.4504363,601.8097634,596.0847309,580.3642094,578.8219577,570.8613881,607.2189872,571.7102455,577.3925726,573.8187524,565.3298627,558.7450888,550.1892471,543.708411,546.6825059,539.792892,532.0941336,527.968746,517.5941209,507.6779007,502.6295353,519.3704136,510.4658742,504.9724906,495.2583299,489.7956587,480.1090923,471.5851323,528.6490022,519.1836547,504.8559066,498.0559898,489.0367128,496.0281147,488.9202229,482.1856976,488.5543489,496.8177375,505.2738144,514.871621,523.0077792,481.1017617,488.8640864,502.9160114,512.0578603,492.3742694,501.1671592,505.6952781,538.3362517,530.7308737,529.0891585,555.952088,561.7266349,571.9781545,580.7609603,586.5128469,595.2895151,120.5817082,119.5552118,99.52726222,80.22574977,74.85469721,62.75191694,59.69546398,48.07904233,67.08714435,51.2275821,43.96930113,31.36162555,45.77177201,51.31562972,643.675905,638.9404061,632.6112517,614.3073876,612.0076527,596.3748994,577.7495498,565.4012861,560.2913429,565.6229954,571.6446549,579.383991,572.7966383,558.5201311,552.2328945,538.4477859,525.238969,518.6790955,493.9940869,488.1815021,471.1373589,602.8987935,609.2547718,548.2636717,543.1183266,541.8682975,450.4134616,437.4419135,525.1398855,503.7023443,500.4840491,509.6331353,493.4266628,501.1471581,477.8256112,500.6562027,508.5192882,517.2271598,474.0956678,468.7068167,461.9746765,445.6908435,437.0521178,463.4488992,468.6826655,484.828713,489.0364984,512.8754882,484.9980567,500.6289151,486.2067685,473.0924099,487.6073882,492.8056667,511.0232824,517.421113,530.0974134,549.9807578,554.5853873,564.9868555,584.3962585,590.4455539,601.8006242,618.6033456,625.9535951,530.117249,559.7743736,571.4330882,567.0692284,580.3162238,600.4930618,49.31139468,81.90858762,424.7191267
d-34-006,47.74190001,54.68706376,60.44537252,26.52465916,17.74508038,0,26.01407592,19.14165016,14.35421892,44.01681554,51.35261282,60.68516558,71.71265623,53.86492557,53.11709119,62.31371535,74.85705028,84.90156133,79.4046741,87.66282671,99.55932401,108.3806876,118.7048934,127.6363858,630.8470155,634.5208087,627.0753242,618.8327071,610.1920342,604.4670018,588.7464802,587.2042285,579.2436589,615.6012581,580.0925164,585.7748434,582.2010232,573.7121335,567.1273596,558.571518,552.0906818,555.0647767,548.1751628,540.4764044,536.3510168,525.9763918,516.0601715,511.0118061,527.7526845,518.848145,513.3547615,503.6406007,498.1779295,488.4913631,479.9674031,537.0312731,527.5659255,513.2381774,506.4382606,497.4189837,504.4103856,497.3024937,490.5679685,496.9366198,505.2000083,513.6560852,523.2538918,531.39005,489.4840326,497.2463573,511.2982822,520.4401311,500.7565403,509.54943,514.0775489,546.7185225,539.1131445,537.4714293,564.3343589,570.1089058,580.3604253,589.1432311,594.8951177,603.6717859,128.2064445,127.1799481,107.1519985,87.85048609,82.47943353,70.37665327,67.32020031,55.70377865,75.46941518,59.60985294,52.35157196,39.74389639,54.15404284,59.69790055,652.0581759,647.322677,640.9935226,622.6896585,620.3899236,604.7571702,586.1318206,573.7835569,568.6736137,574.0052663,580.0269257,587.7662619,581.1789092,566.902402,560.6151654,546.8300568,533.6212398,527.0613663,502.3763577,496.5637729,479.5196298,611.2810643,617.6370427,556.6459426,551.5005974,550.2505683,458.7957324,445.8241844,533.5221564,512.0846151,508.8663199,518.0154061,501.8089337,509.5294289,486.207882,509.0384735,516.901559,525.6094307,482.4779387,477.0890875,470.3569473,454.0731143,445.4343887,471.83117,477.0649363,493.2109838,497.4187693,521.2577591,493.3803275,509.0111859,494.5890394,481.4746807,495.989659,501.1879375,519.4055532,525.8033839,538.4796843,558.3630287,562.9676581,573.3691263,592.7785294,598.8278248,610.182895,626.9856164,634.335866,538.4995199,568.1566445,579.815359,575.4514992,588.6984946,608.8753326,57.69366552,89.53332395,433.1013975
d-34-007,32.15089788,39.09606163,44.85437039,13.12276288,18.3893396,26.01407592,0,17.58393951,25.4543193,26.20419217,33.89659928,43.22915204,54.25664269,36.05230221,35.30446782,44.50109199,57.04442692,67.08893797,61.59205073,69.85020335,81.74670065,90.56806424,100.8922701,109.8237624,615.2560133,618.9298066,611.4843221,603.241705,594.6010321,588.8759996,573.1554781,571.6132264,563.6526568,600.0102559,564.5015142,570.1838413,566.6100211,558.1211314,551.5363575,542.9805158,536.4996797,539.4737746,532.5841607,524.8854023,520.7600147,510.3853896,500.4691694,495.420804,512.1616824,503.2571429,497.7637593,488.0495986,482.5869274,472.900361,464.376401,521.4402709,511.9749234,497.6471753,490.8472585,481.8279815,488.8193835,481.7114916,474.9769663,481.3456176,489.6090062,498.0650831,507.6628897,515.7990479,473.8930304,481.6553551,495.7072801,504.849129,485.1655382,493.9584279,498.4865468,531.1275204,523.5221424,521.8804272,548.7433567,554.5179036,564.7694232,573.552229,579.3041156,588.0807838,110.3938211,109.3673247,89.33937518,70.03786273,64.66681017,52.5640299,49.50757694,37.89115529,59.87841306,44.01885081,36.76056984,24.15289426,38.56304072,44.10689843,636.4671737,631.7316748,625.4025204,607.0986563,604.7989214,589.1661681,570.5408185,558.1925548,553.0826116,558.4142641,564.4359236,572.1752598,565.587907,551.3113998,545.0241632,531.2390546,518.0302377,511.4703642,486.7853556,480.9727708,463.9286276,595.6900622,602.0460405,541.0549404,535.9095953,534.6595662,443.2047303,430.2331822,517.9311542,496.493613,493.2753178,502.424404,486.2179316,493.9384268,470.6168799,493.4474714,501.3105569,510.0184285,466.8869366,461.4980854,454.7659452,438.4821122,429.8433866,456.2401679,461.4739342,477.6199817,481.8277671,505.6667569,477.7893254,493.4201838,478.9980373,465.8836786,480.3986569,485.5969354,503.8145511,510.2123817,522.8886821,542.7720265,547.376656,557.7781242,577.1875272,583.2368226,594.5918929,611.3946143,618.7448638,522.9085177,552.5656423,564.2243569,559.8604971,573.1074925,593.2843305,42.10266339,71.72070058,417.5103954
d-34-008,41.53338483,48.47854859,54.23685734,20.31865508,13.92530242,19.14165016,17.58393951,0,18.58189354,35.58667913,43.27908623,52.61163899,63.63912964,45.43478916,44.68695478,53.88357894,66.42691387,76.47142492,70.97453769,79.2326903,91.1291876,99.95055119,110.274757,119.2062494,624.6385003,628.3122935,620.8668091,612.624192,603.983519,598.2584866,582.5379651,580.9957134,573.0351438,609.3927429,573.8840012,579.5663283,575.992508,567.5036184,560.9188444,552.3630028,545.8821666,548.8562615,541.9666476,534.2678892,530.1425017,519.7678766,509.8516563,504.8032909,521.5441693,512.6396298,507.1462463,497.4320856,491.9694144,482.2828479,473.7588879,530.8227579,521.3574104,507.0296622,500.2297455,491.2104685,498.2018704,491.0939785,484.3594533,490.7281046,498.9914931,507.4475701,517.0453766,525.1815348,483.2755174,491.0378421,505.089767,514.231616,494.5480251,503.3409148,507.8690337,540.5100074,532.9046293,531.2629142,558.1258437,563.9003906,574.1519101,582.9347159,588.6866025,597.4632707,119.7763081,118.7498117,98.72186213,79.42034968,74.04929712,61.94651686,58.89006389,47.27364224,69.26090001,53.40133776,46.14305679,33.53538122,47.94552767,53.48938538,645.8496607,641.1141618,634.7850074,616.4811433,614.1814084,598.548655,579.9233055,567.5750417,562.4650986,567.7967511,573.8184105,581.5577467,574.970394,560.6938868,554.4066502,540.6215416,527.4127246,520.8528511,496.1678426,490.3552577,473.3111146,605.0725492,611.4285275,550.4374274,545.2920822,544.0420531,452.5872172,439.6156692,527.3136412,505.8761,502.6578047,511.806891,495.6004185,503.3209138,479.9993668,502.8299583,510.6930438,519.4009155,476.2694235,470.8805723,464.1484322,447.8645992,439.2258735,465.6226548,470.8564211,487.0024686,491.2102541,515.0492439,487.1718123,502.8026707,488.3805242,475.2661655,489.7811438,494.9794224,513.197038,519.5948687,532.2711691,552.1545135,556.759143,567.1606112,586.5700142,592.6193096,603.9743799,620.7771013,628.1273508,532.2910047,561.9481293,573.6068438,569.2429841,582.4899794,602.6668174,51.48515034,81.10318754,426.8928823
d-34-009,48.50106409,55.44622784,61.2045366,27.28382324,18.50424446,14.35421892,25.4543193,18.58189354,0,43.45705891,51.14946602,60.48201878,71.50950942,53.30516895,52.55733456,61.75395872,74.29729366,84.34180471,78.84491747,87.10307008,98.99956739,107.820931,118.1451368,127.0766292,631.6061795,635.2799728,627.8344883,619.5918712,610.9511983,605.2261658,589.5056443,587.9633926,580.002823,616.3604222,580.8516804,586.5340075,582.9601873,574.4712976,567.8865237,559.330682,552.8498459,555.8239408,548.9343269,541.2355685,537.1101809,526.7355558,516.8193356,511.7709702,528.5118486,519.6073091,514.1139255,504.3997648,498.9370936,489.2505272,480.7265672,537.7904371,528.3250896,513.9973415,507.1974247,498.1781477,505.1695497,498.0616578,491.3271325,497.6957838,505.9591724,514.4152493,524.0130559,532.1492141,490.2431966,498.0055213,512.0574463,521.1992952,501.5157044,510.3085941,514.836713,547.4776866,539.8723086,538.2305934,565.0935229,570.8680699,581.1195894,589.9023952,595.6542818,604.43095,127.6466878,126.6201915,106.5922419,87.29072947,81.91967691,69.81689664,66.76044368,55.14402203,76.22857926,60.36901701,53.11073604,40.50306047,54.91320692,60.45706463,652.81734,648.081841,641.7526866,623.4488225,621.1490876,605.5163343,586.8909847,574.542721,569.4327778,574.7644303,580.7860898,588.525426,581.9380732,567.661566,561.3743295,547.5892209,534.3804039,527.8205304,503.1355218,497.322937,480.2787938,612.0402284,618.3962068,557.4051066,552.2597615,551.0097324,459.5548965,446.5833484,534.2813204,512.8437792,509.625484,518.7745702,502.5680978,510.288593,486.9670461,509.7976376,517.6607231,526.3685947,483.2371028,477.8482516,471.1161114,454.8322784,446.1935528,472.5903341,477.8241004,493.9701479,498.1779333,522.0169232,494.1394916,509.77035,495.3482035,482.2338448,496.7488231,501.9471016,520.1647173,526.5625479,539.2388483,559.1221927,563.7268222,574.1282904,593.5376935,599.5869888,610.9420591,627.7447805,635.09503,539.2586839,568.9158085,580.5745231,576.2106633,589.4576587,609.6344967,58.45282959,88.97356732,433.8605616
d-34-010,38.93220859,45.87737234,51.6356811,28.85430932,36.28945987,44.01681554,26.20419217,35.58667913,43.45705891,0,18.7177714,28.06493167,39.09242231,30.89016836,28.32316416,37.51978833,50.06312326,60.10763431,58.15804016,66.41619277,78.31269007,87.13405367,97.45825949,106.3897519,620.1944089,623.8682021,616.4227177,608.1801006,599.5394276,593.8143952,578.0938737,576.551622,568.5910524,604.9486515,569.4399098,575.1222368,571.5484166,563.059527,556.474753,547.9189114,541.4380752,544.4121701,537.5225562,529.8237978,525.6984103,515.3237852,505.4075649,500.3591995,517.1000779,508.1955384,502.7021549,492.9879941,487.525323,477.8387565,469.3147965,526.3786665,516.9133189,502.5855708,495.7856541,486.7663771,493.757779,486.6498871,479.9153619,486.2840132,494.5474017,503.0034787,512.6012852,520.7374434,478.831426,486.5937507,500.6456756,509.7875246,490.1039337,498.8968234,503.4249423,536.065916,528.4605379,526.8188228,553.6817523,559.4562992,569.7078187,578.4906245,584.2425111,593.0191793,106.9598105,105.9333142,85.9053646,66.60385215,61.23279959,50.15203141,47.60342397,35.98700231,64.8168086,46.38195266,39.12367169,25.93297875,40.92614257,49.04529397,641.4055693,636.6700704,630.340916,612.0370519,609.737317,594.1045636,575.479214,563.1309503,558.0210071,563.3526597,569.3743191,577.1136553,570.5263026,556.2497954,549.9625588,536.1774502,522.9686332,516.4087597,491.7237511,485.9111663,468.8670232,600.6284578,606.9844361,545.993336,540.8479908,539.5979617,448.1431258,435.1715778,522.8695498,501.4320086,498.2137133,507.3627996,491.1563271,498.8768223,475.5552754,498.3858669,506.2489524,514.9568241,471.8253321,466.4364809,459.7043408,443.4205078,434.7817821,461.1785634,466.4123297,482.5583772,486.7661627,510.6051525,482.7277209,498.3585793,483.9364328,470.8220741,485.3370524,490.535331,508.7529466,515.1507773,527.8270777,547.7104221,552.3150515,562.7165198,582.1259228,588.1752182,599.5302885,616.3330099,623.6832594,527.8469133,557.5040379,569.1627524,564.7988927,578.045888,598.222726,47.04105893,68.89853714,422.4487909
d-34-011,45.29307917,52.23824292,57.99655168,35.53519143,42.97034199,51.35261282,33.89659928,43.27908623,51.14946602,18.7177714,0,20.13781053,31.16530117,39.07503446,36.50803026,45.70465442,58.24798936,68.29250041,66.34290626,74.60105887,86.49755617,95.31891977,105.6431256,114.574618,626.5552795,630.2290727,622.7835882,614.5409711,605.9002982,600.1752658,584.4547442,582.9124925,574.9519229,611.3095221,575.8007804,581.4831074,577.9092872,569.4203975,562.8356236,554.279782,547.7989458,550.7730407,543.8834268,536.1846684,532.0592808,521.6846558,511.7684355,506.7200701,523.4609485,514.556409,509.0630254,499.3488647,493.8861935,484.1996271,475.6756671,532.7395371,523.2741895,508.9464414,502.1465246,493.1272477,500.1186496,493.0107577,486.2762325,492.6448838,500.9082723,509.3643492,518.9621558,527.098314,485.1922966,492.9546213,507.0065462,516.1483951,496.4648043,505.257694,509.7858129,542.4267865,534.8214085,533.1796933,560.0426228,565.8171698,576.0686893,584.8514951,590.6033817,599.3800499,115.1446766,114.1181803,94.0902307,74.78871825,69.41766569,58.33689751,55.78829007,44.17186841,71.17767918,52.74282324,45.48454227,32.29384933,47.28701315,55.40616455,647.7664399,643.030941,636.7017866,618.3979225,616.0981876,600.4654342,581.8400846,569.4918209,564.3818777,569.7135303,575.7351897,583.4745259,576.8871731,562.610666,556.3234294,542.5383208,529.3295038,522.7696303,498.0846217,492.2720369,475.2278938,606.9893283,613.3453067,552.3542066,547.2088614,545.9588323,454.5039964,441.5324484,529.2304204,507.7928791,504.5745839,513.7236701,497.5171977,505.2376929,481.916146,504.7467375,512.609823,521.3176947,478.1862027,472.7973515,466.0652113,449.7813783,441.1426527,467.539434,472.7732003,488.9192478,493.1270333,516.9660231,489.0885915,504.7194499,490.2973034,477.1829447,491.697923,496.8962015,515.1138172,521.5116479,534.1879483,554.0712927,558.6759221,569.0773903,588.4867934,594.5360887,605.891159,622.6938804,630.04413,534.2077839,563.8649085,575.523623,571.1597632,584.4067586,604.5835966,53.40192951,77.08340324,428.8096615
d-34-012,54.62563193,61.57079568,67.32910444,44.86774419,52.30289475,60.68516558,43.22915204,52.61163899,60.48201878,28.06493167,20.13781053,0,21.40344995,48.42219474,45.85519054,55.0518147,67.59514963,77.63966068,75.69006653,83.94821914,95.84471645,104.66608,114.9902859,123.9217782,635.8878322,639.5616254,632.116141,623.8735239,615.232851,609.5078185,593.787297,592.2450453,584.2844757,620.6420748,585.1333331,590.8156602,587.24184,578.7529503,572.1681764,563.6123347,557.1314986,560.1055935,553.2159796,545.5172212,541.3918336,531.0172085,521.1009883,516.0526229,532.7935012,523.8889618,518.3955782,508.6814175,503.2187463,493.5321799,485.0082199,542.0720898,532.6067423,518.2789942,511.4790774,502.4598004,509.4512023,502.3433105,495.6087852,501.9774365,510.2408251,518.696902,528.2947086,536.4308667,494.5248493,502.287174,516.339099,525.4809479,505.797357,514.5902468,519.1183657,551.7593393,544.1539613,542.5122461,569.3751756,575.1497225,585.401242,594.1840478,599.9359345,608.7126027,124.4918369,123.4653405,103.437391,84.13587853,78.76482596,67.68405779,65.13545034,53.51902868,80.51023194,62.075376,54.81709503,41.62640209,56.61956591,64.73871731,657.0989926,652.3634937,646.0343393,627.7304752,625.4307403,609.7979869,591.1726374,578.8243737,573.7144305,579.046083,585.0677424,592.8070786,586.2197259,571.9432187,565.6559821,551.8708735,538.6620566,532.1021831,507.4171745,501.6045897,484.5604465,616.3218811,622.6778594,561.6867593,556.5414142,555.2913851,463.8365492,450.8650011,538.5629731,517.1254319,513.9071367,523.0562229,506.8497504,514.5702457,491.2486988,514.0792902,521.9423758,530.6502474,487.5187554,482.1299043,475.3977641,459.1139311,450.4752054,476.8719868,482.1057531,498.2518005,502.459586,526.2985758,498.4211443,514.0520027,499.6298561,486.5154975,501.0304758,506.2287543,524.44637,530.8442006,543.520501,563.4038454,568.0084749,578.4099431,597.8193461,603.8686415,615.2237118,632.0264332,639.3766827,543.5403366,573.1974612,584.8561757,580.492316,593.7393113,613.9161494,62.73448227,86.43056351,438.1422143
d-34-013,65.65312257,72.59828632,78.35659508,55.89523483,63.33038539,71.71265623,54.25664269,63.63912964,71.50950942,39.09242231,31.16530117,21.40344995,0,59.44968538,56.88268118,66.07930534,78.62264027,88.66715133,86.71755717,94.97570979,106.8722071,115.6935707,126.0177765,134.9492689,646.9153229,650.5891161,643.1436316,634.9010145,626.2603416,620.5353092,604.8147876,603.2725359,595.3119663,631.6695655,596.1608238,601.8431508,598.2693306,589.7804409,583.195667,574.6398254,568.1589892,571.1330841,564.2434702,556.5447118,552.4193242,542.0446992,532.1284789,527.0801135,543.8209919,534.9164524,529.4230689,519.7089081,514.2462369,504.5596705,496.0357105,553.0995805,543.6342329,529.3064848,522.506568,513.4872911,520.478693,513.3708011,506.6362759,513.0049272,521.2683157,529.7243926,539.3221992,547.4583574,505.55234,513.3146647,527.3665896,536.5084385,516.8248477,525.6177374,530.1458563,562.7868299,555.1814519,553.5397367,580.4026663,586.1772132,596.4287327,605.2115385,610.9634251,619.7400933,135.5193276,134.4928312,114.4648816,95.16336917,89.79231661,78.71154843,76.16294098,64.54651933,91.53772258,73.10286665,65.84458567,52.65389274,67.64705655,75.76620795,668.1264833,663.3909844,657.06183,638.7579659,636.458231,620.8254776,602.200128,589.8518643,584.7419211,590.0735737,596.0952331,603.8345693,597.2472166,582.9707094,576.6834728,562.8983642,549.6895472,543.1296737,518.4446651,512.6320803,495.5879372,627.3493717,633.7053501,572.71425,567.5689048,566.3188757,474.8640398,461.8924918,549.5904638,528.1529225,524.9346273,534.0837135,517.8772411,525.5977363,502.2761894,525.1067809,532.9698664,541.6777381,498.5462461,493.1573949,486.4252547,470.1414217,461.5026961,487.8994774,493.1332437,509.2792912,513.4870767,537.3260665,509.4486349,525.0794933,510.6573468,497.5429881,512.0579664,517.2562449,535.4738606,541.8716913,554.5479917,574.4313361,579.0359655,589.4374337,608.8468368,614.8961322,626.2512024,643.0539238,650.4041734,554.5678273,584.2249519,595.8836664,591.5198066,604.766802,624.94364,73.76197292,97.45805415,449.1697049
d-34-014,52.2067636,59.15192735,64.91023611,38.82588294,46.24018925,53.86492557,36.05230221,45.43478916,53.30516895,30.89016836,39.07503446,48.42219474,59.44968538,0,18.9381059,28.13473006,40.91653641,50.96104746,40.69933365,48.95748626,60.85398356,69.67534716,79.99955298,88.93104536,635.1869341,638.8607273,631.4152429,623.1726257,614.5319528,608.8069204,593.0863988,591.5441472,583.5835775,619.9411767,584.432435,590.114762,586.5409418,578.0520521,571.4672782,562.9114366,556.4306004,559.4046953,552.5150814,544.816323,540.6909354,530.3163104,520.4000901,515.3517247,532.0926031,523.1880636,517.6946801,507.9805193,502.5178482,492.8312817,484.3073217,541.3711917,531.9058441,517.578096,510.7781792,501.7589023,508.7503042,501.6424123,494.9078871,501.2765384,509.5399269,517.9960038,527.5938104,535.7299686,493.8239512,501.5862759,515.6382008,524.7800497,505.0964589,513.8893486,518.4174675,551.0584412,543.4530631,541.811348,568.6742775,574.4488244,584.7003439,593.4831497,599.2350363,608.0117045,89.50110402,88.47460765,68.44665809,49.14514564,43.77409308,33.49409512,31.79604588,31.19838553,79.80933379,61.85172686,54.59344589,41.40275295,56.39591677,64.03781916,656.3980945,651.6625956,645.3334412,627.0295771,624.7298422,609.0970888,590.4717392,578.1234755,573.0135323,578.3451849,584.3668443,592.1061805,585.5188278,571.2423206,564.955084,551.1699754,537.9611584,531.4012849,506.7162763,500.9036915,483.8595484,615.6209829,621.9769613,560.9858612,555.840516,554.5904869,463.135651,450.164103,537.862075,516.4245337,513.2062385,522.3553248,506.1488523,513.8693475,490.5478006,513.3783921,521.2414776,529.9493493,486.8178573,481.4290061,474.696866,458.413033,449.7743073,476.1710886,481.4048549,497.5509024,501.7586879,525.5976777,497.7202461,513.3511045,498.928958,485.8145993,500.3295776,505.5278561,523.7454718,530.1433025,542.8196029,562.7029473,567.3075767,577.709045,597.118448,603.1677434,614.5228136,631.3255351,638.6757846,542.8394385,572.4965631,584.1552776,579.7914179,593.0384132,613.2152512,62.03358412,51.43983063,437.4413161
d-34-015,50.33276973,57.27793348,63.03624224,38.07804856,45.49235486,53.11709119,35.30446782,44.68695478,52.55733456,28.32316416,36.50803026,45.85519054,56.88268118,18.9381059,0,16.92516646,29.70697281,39.75148386,48.74558441,57.00373702,68.90023432,77.72159791,88.04580374,96.97729612,632.8187609,636.4925541,629.0470697,620.8044526,612.1637796,606.4387472,590.7182257,589.175974,581.2154044,617.5730035,582.0642618,587.7465889,584.1727686,575.683879,569.099105,560.5432634,554.0624272,557.0365221,550.1469082,542.4481498,538.3227623,527.9481372,518.0319169,512.9835515,529.7244299,520.8198904,515.3265069,505.6123461,500.149675,490.4631085,481.9391485,539.0030185,529.537671,515.2099228,508.4100061,499.3907291,506.382131,499.2742391,492.5397139,498.9083652,507.1717537,515.6278307,525.2256372,533.3617954,491.455778,499.2181027,513.2700276,522.4118766,502.7282857,511.5211754,516.0492943,548.690268,541.0848899,539.4431748,566.3061043,572.0806512,582.3321707,591.1149765,596.8668631,605.6435313,97.54735478,96.52085841,76.49290885,57.1913964,51.82034384,41.54034588,39.84229664,36.92388592,77.4411606,59.28472266,52.02644169,38.83574875,53.82891257,61.66964597,654.0299213,649.2944224,642.965268,624.6614039,622.361669,606.7289156,588.103566,575.7553023,570.6453592,575.9770117,581.9986711,589.7380073,583.1506546,568.8741474,562.5869108,548.8018022,535.5929852,529.0331117,504.3481032,498.5355183,481.4913752,613.2528098,619.6087881,558.617688,553.4723428,552.2223137,460.7674778,447.7959298,535.4939018,514.0563606,510.8380653,519.9871516,503.7806791,511.5011743,488.1796274,511.0102189,518.8733044,527.5811761,484.4496841,479.0608329,472.3286928,456.0448598,447.4061341,473.8029154,479.0366817,495.1827292,499.3905147,523.2295045,495.3520729,510.9829313,496.5607848,483.4464261,497.9614044,503.159683,521.3772986,527.7751293,540.4514297,560.3347741,564.9394036,575.3408718,594.7502748,600.7995702,612.1546405,628.9573619,636.3076114,540.4712653,570.1283899,581.7871044,577.4232447,590.67024,610.847078,59.66541094,59.48608138,435.0731429
d-34-016,59.52939389,66.47455764,72.2328664,47.27467272,54.68897903,62.31371535,44.50109199,53.88357894,61.75395872,37.51978833,45.70465442,55.0518147,66.07930534,28.13473006,16.92516646,0,20.20820326,30.25271431,57.94220857,66.20036118,78.09685848,86.91822208,97.2424279,106.1739203,642.0153851,645.6891783,638.2436938,630.0010767,621.3604038,615.6353713,599.9148498,598.3725981,590.4120285,626.7696277,591.260886,596.943213,593.3693928,584.8805031,578.2957292,569.7398875,563.2590514,566.2331463,559.3435324,551.644774,547.5193864,537.1447613,527.2285411,522.1801757,538.9210541,530.0165146,524.523131,514.8089703,509.3462991,499.6597327,491.1357727,548.1996426,538.7342951,524.406547,517.6066302,508.5873532,515.5787552,508.4708633,501.736338,508.1049894,516.3683779,524.8244548,534.4222614,542.5584196,500.6524022,508.4147268,522.4666518,531.6085007,511.9249099,520.7177996,525.2459185,557.8868921,550.2815141,548.6397989,575.5027284,581.2772754,591.5287949,600.3116007,606.0634873,614.8401555,106.7439789,105.7174826,85.68953301,66.38802056,61.016968,50.73697004,49.0389208,46.12051009,86.63778476,68.48134682,61.22306585,48.03237291,63.02553673,70.86627014,663.2265455,658.4910465,652.1618921,633.858028,631.5582931,615.9255398,597.3001902,584.9519265,579.8419833,585.1736359,591.1952953,598.9346315,592.3472787,578.0707716,571.783535,557.9984264,544.7896094,538.2297359,513.5447273,507.7321425,490.6879993,622.4494339,628.8054123,567.8143121,562.668967,561.4189379,469.964102,456.9925539,544.6905259,523.2529847,520.0346895,529.1837757,512.9773033,520.6977985,497.3762516,520.2068431,528.0699286,536.7778002,493.6463083,488.2574571,481.5253169,465.2414839,456.6027583,482.9995396,488.2333059,504.3793534,508.5871388,532.4261287,504.5486971,520.1795555,505.757409,492.6430503,507.1580286,512.3563071,530.5739228,536.9717534,549.6480539,569.5313982,574.1360277,584.5374959,603.946899,609.9961943,621.3512646,638.153986,645.5042355,549.6678894,579.3250141,590.9837286,586.6198688,599.8668642,620.0437022,68.8620351,68.68270555,444.2697671
d-34-017,72.07272882,79.01789257,84.77620133,59.81800765,67.23231396,74.85705028,57.04442692,66.42691387,74.29729366,50.06312326,58.24798936,67.59514963,78.62264027,40.91653641,29.70697281,20.20820326,0,20.92519638,70.72401492,78.98216753,90.87866483,99.70002843,110.0242343,118.9557266,654.55872,658.2325132,650.7870288,642.5444117,633.9037387,628.1787063,612.4581848,610.9159331,602.9553635,639.3129626,603.8042209,609.4865479,605.9127277,597.4238381,590.8390641,582.2832225,575.8023863,578.7764812,571.8868673,564.1881089,560.0627214,549.6880963,539.771876,534.7235106,551.464389,542.5598495,537.066466,527.3523052,521.8896341,512.2030676,503.6791076,560.7429776,551.27763,536.9498819,530.1499652,521.1306882,528.1220901,521.0141982,514.279673,520.6483243,528.9117128,537.3677898,546.9655963,555.1017545,513.1957371,520.9580618,535.0099867,544.1518357,524.4682448,533.2611345,537.7892534,570.4302271,562.824849,561.1831339,588.0460634,593.8206103,604.0721298,612.8549356,618.6068222,627.3834904,119.5257853,118.4992889,98.47133936,79.16982691,73.79877435,63.51877639,61.82072715,58.66384502,99.1811197,81.02468175,73.76640078,60.57570785,75.56887166,83.40960507,675.7698804,671.0343815,664.7052271,646.401363,644.1016281,628.4688747,609.8435251,597.4952614,592.3853182,597.7169708,603.7386302,611.4779664,604.8906137,590.6141065,584.3268699,570.5417613,557.3329443,550.7730708,526.0880622,520.2754774,503.2313343,634.9927689,641.3487472,580.3576471,575.2123019,573.9622728,482.5074369,469.5358889,557.2338609,535.7963197,532.5780244,541.7271107,525.5206382,533.2411334,509.9195865,532.750178,540.6132635,549.3211352,506.1896432,500.800792,494.0686519,477.7848189,469.1460932,495.5428745,500.7766408,516.9226883,521.1304738,544.9694636,517.092032,532.7228904,518.3007439,505.1863852,519.7013635,524.8996421,543.1172577,549.5150884,562.1913888,582.0747332,586.6793626,597.0808309,616.4902339,622.5395293,633.8945996,650.697321,658.0475705,562.2112244,591.868349,603.5270635,599.1632038,612.4101991,632.5870371,81.40537003,81.4645119,456.813102
d-34-018,82.11723987,89.06240363,94.82071238,69.8625187,77.27682501,84.90156133,67.08893797,76.47142492,84.34180471,60.10763431,68.29250041,77.63966068,88.66715133,50.96104746,39.75148386,30.25271431,20.92519638,0,80.76852597,89.02667858,100.9231759,109.7445395,120.0687453,129.0002377,664.603231,668.2770243,660.8315398,652.5889227,643.9482498,638.2232173,622.5026958,620.9604441,612.9998745,649.3574736,613.8487319,619.531059,615.9572388,607.4683491,600.8835752,592.3277335,585.8468974,588.8209923,581.9313784,574.23262,570.1072324,559.7326073,549.8163871,544.7680217,561.5089,552.6043606,547.110977,537.3968163,531.9341451,522.2475787,513.7236187,570.7874886,561.3221411,546.994393,540.1944762,531.1751992,538.1666011,531.0587093,524.324184,530.6928353,538.9562239,547.4123008,557.0101074,565.1462656,523.2402481,531.0025728,545.0544978,554.1963467,534.5127558,543.3056456,547.8337645,580.4747381,572.8693601,571.2276449,598.0905744,603.8651213,614.1166409,622.8994467,628.6513333,637.4280015,129.5702963,128.5438,108.5158504,89.21433797,83.84328541,73.56328744,71.8652382,68.70835607,109.2256307,91.06919281,83.81091183,70.6202189,85.61338271,93.45411612,685.8143914,681.0788925,674.7497381,656.445874,654.1461391,638.5133858,619.8880362,607.5397725,602.4298293,607.7614818,613.7831413,621.5224774,614.9351247,600.6586175,594.3713809,580.5862723,567.3774554,560.8175819,536.1325733,530.3199885,513.2758453,645.0372799,651.3932582,590.4021581,585.256813,584.0067839,492.551948,479.5803999,567.2783719,545.8408307,542.6225355,551.7716217,535.5651493,543.2856445,519.9640976,542.7946891,550.6577746,559.3656462,516.2341543,510.8453031,504.1131629,487.8293299,479.1906043,505.5873856,510.8211519,526.9671994,531.1749848,555.0139746,527.1365431,542.7674015,528.345255,515.2308963,529.7458746,534.9441531,553.1617688,559.5595994,572.2358998,592.1192442,596.7238737,607.1253419,626.5347449,632.5840403,643.9391106,660.741832,668.0920815,572.2557354,601.91286,613.5715746,609.2077148,622.4547102,642.6315482,91.44988108,91.50902295,466.8576131
